Preparing PMR for the Hamiltonian and computing the list of fundamental cycles...done
RNG seed = 2728034556
Parameters: beta = 1, Tsteps = 1000000, steps = 10000000
mean(sgn(W)) = 1
std.dev.(sgn(W)) = 0
mean(q) = 6.50711
max(q) = 20
Observable #1: H
mean(O) = -8.39277472
std.dev.(O) = 0.0158534835
Observable #2: H^2
mean(O) = 71.2416388
std.dev.(O) = 0.278822951
Observable #3: H_{diag}
mean(O) = -1.8804
std.dev.(O) = 0.00342975405
Observable #4: H_{diag}^2
mean(O) = 4.69016
std.dev.(O) = 0.0116496332
Observable #5: H_{offdiag}
mean(O) = -6.51237472
std.dev.(O) = 0.0153470019
Observable #6: H_{offdiag}^2
mean(O) = 43.6862777
std.dev.(O) = 0.215020357
wall-clock cpu time = 32.841292 seconds
