Preparing PMR for the Hamiltonian and computing the list of fundamental cycles...done
RNG seed = 2581088461
Parameters: beta = 1, Tsteps = 1000000, steps = 10000000
mean(sgn(W)) = 1
std.dev.(sgn(W)) = 0
mean(q) = 1.3965
max(q) = 12
Observable #1: H
mean(O) = -6.60873792
std.dev.(O) = 0.00535814468
Observable #2: H^2
mean(O) = 44.1102542
std.dev.(O) = 0.0712370032
Observable #3: H_{diag}
mean(O) = -5.20946
std.dev.(O) = 0.0078356636
Observable #4: H_{diag}^2
mean(O) = 31.4798
std.dev.(O) = 0.0439479594
Observable #5: H_{offdiag}
mean(O) = -1.39927792
std.dev.(O) = 0.0108357643
Observable #6: H_{offdiag}^2
mean(O) = 5.87873318
std.dev.(O) = 0.078816193
wall-clock cpu time = 10.280267 seconds
