Preparing PMR for the Hamiltonian and computing the list of fundamental cycles...done
RNG seed = 4118933782
Parameters: beta = 1, Tsteps = 1000000, steps = 10000000
mean(sgn(W)) = 1
std.dev.(sgn(W)) = 0
mean(q) = 2.50961
max(q) = 13
Observable #1: H
mean(O) = -3.2521204
std.dev.(O) = 0.00617750335
Observable #2: H^2
mean(O) = 11.2860216
std.dev.(O) = 0.0408555979
Observable #3: H_{diag}
mean(O) = -0.74036
std.dev.(O) = 0.00304838518
Observable #4: H_{diag}^2
mean(O) = 1.51928
std.dev.(O) = 0.00609677036
Observable #5: H_{offdiag}
mean(O) = -2.5117604
std.dev.(O) = 0.006962115
Observable #6: H_{offdiag}^2
mean(O) = 8.03335747
std.dev.(O) = 0.0458303341
wall-clock cpu time = 14.036658 seconds
