Preparing PMR for the Hamiltonian and computing the list of fundamental cycles...done
RNG seed = 1447069549
Parameters: beta = 1, Tsteps = 1000000, steps = 10000000
mean(sgn(W)) = 1
std.dev.(sgn(W)) = 0
mean(q) = 1.37236
max(q) = 12
Observable #1: H
mean(O) = -6.60930041
std.dev.(O) = 0.00552595022
Observable #2: H^2
mean(O) = 44.0997012
std.dev.(O) = 0.0737677749
Observable #3: H_{diag}
mean(O) = -5.24864
std.dev.(O) = 0.00774507238
Observable #4: H_{diag}^2
mean(O) = 31.70096
std.dev.(O) = 0.0427266213
Observable #5: H_{offdiag}
mean(O) = -1.36066041
std.dev.(O) = 0.0105572017
Observable #6: H_{offdiag}^2
mean(O) = 5.63940218
std.dev.(O) = 0.078014105
wall-clock cpu time = 16.846629 seconds
